START
FIRE
V Fire_Fire_Cardinal_Spread I (1,0,100) O (1,0,0,0) (1,0,101,51) (1,1,104,50) (1,-1,104,50) (2,0,104,50) D (0,1,2,3) E
V Fire_Fire_Diagonal_Spread I (1,1,100) O (1,1,0,0) (2,1,104,54) (1,2,104,54) (0,1,101,55) (1,0,101,55) D (0,1,2,3) E

I (0,0,101) O (0,0,102,-1) D (0) E
I (0,0,102) O (0,0,103,-1) D (0) E
I (0,0,103) O (0,0,104,-1) D (0) E
I (0,0,104) O (0,0,105,-1) D (0) E
I (0,0,105) O (0,0,106,-1) D (0) E
I (0,0,106) O (0,0,107,-1) D (0) E
V Fire_Burnout I (0,0,107) O (0,0,0,-1) D (0) E

V Fire_Water_Cardinal_Geyser I (1,0,200*) O (0,0,0,0) (1,0,210,51) (2,0,210,51) (3,0,210,51) (4,0,210,51) (5,0,210,51) D (0,1,2,3) E
V Fire_Electricity_Cardinal_PlasmaFork I (1,0,300*) O (0,0,0,0) (1,0,310,52) (2,1,310,52) (2,-1,310,52) D (0,1,2,3) E
V Fire_Stone_Cardinal_LavaFlow I (1,0,400*) O (0,0,0,0) (1,0,410,53) (1,1,410,53) (1,-1,410,53) D (0,1,2,3) E

V Fire_Water_Overlap_SteamRing I (0,0,200*) O (0,0,0,0) (2,0,210,55) (1,1,210,55) (0,2,210,55) (-1,1,210,55) (1,-1,210,55) (-2,0,210,55) (-1,-1,210,55) (0,-2,210,55) D (0,1,2,3) E
V Fire_Electricity_Overlap_PlasmaCross I (0,0,300*) O (0,0,0,0) (3,0,310,56) (4,0,311,56) (0,3,310,56) (0,4,311,56) (-3,0,310,56) (-4,0,311,56) (0,-3,310,56) (0,-4,311,56) D (0,1,2,3) E
V Fire_Stone_Overlap_LavaEruption I (0,0,400*) O (0,0,0,0) (0,0,410,56) D (0,1,2,3) E

WATER
V Water_Water_Cardinal_Surge I (1,0,200) O (1,0,0,0) (1,0,201,51) (2,0,201,51) (3,0,201,51) (4,0,201,51) D (0,1,2,3) E

ELECTRICITY
V Electricity_Electricity_Cardinal_Chain I (1,0,300) O (1,0,0,0) (2,1,301,56) (3,2,302,55) (4,3,302,55) (2,-1,301,56) (3,-2,302,55) (4,-3,302,55) D (0,1,2,3) E
V Electricity_Electricity_Diagonal_Chain I (1,1,300) O (1,1,0,0) (1,2,301,56) (1,3,302,55) (2,1,301,56) (3,1,302,55) D (0,1,2,3) E

I (0,0,301) O (0,0,302,-1) D (0) E
V Electricity_Discharge I (0,0,302) O (0,0,0,-1) D (0) E

V Electricity_Water_Cardinal_Conduction I (1,0,200*) O (0,0,0,0) (1,0,211,51) (2,0,301,53) (3,0,301,53) D (0,1,2,3) E
V Electricity_Water_Diagonal_Conduction I (1,1,200*) O (0,0,0,0) (1,1,211,51) (2,2,301,53) (3,3,301,53) D (0,1,2,3) E

END
